923420131226
923423295785
923420350043
923427664219
923420810530
923425286619
923427807021
923423274808
923429027612
923427022964
923424371907
923427906148
923425182992
923423594377
923424980577
923422053869
923423092684
923425408768
923468973417
923424628663
923425839625
923424192974
923478475568
923423288779
923428712516
923428906664
923429030307
923421976182
923421910572
923421742054
923420354342
923429633156
923424678940
923428083421
923429225146
923429434919
923427578523
923401876311
923444445350
923421116444
923425391580
923452121647
923453019168
923338602762
3338602762
923462901066
923477288852
923466763360
923484933259
923444342301
923447574827
923453792299
923468433334
923349087590
923463651136
923457466110
923420591279
923423720911
923452366702
923455594713
923422211902
923455238440
923422222220
923406242685
923423094455
923420088145
923422135407
923422845242
923421749714
923428928897
923426197744
923428347658
923427105802
923422724169
923421968802
923424627920
923427706857
923418221596
923420615360
923421630174
923426287698
923421296319
923421468755
923423598860
923420557015
923425392503
923421567248
923425177246
923426403753
923426483012
923427630087
923428339886
923420953236
923426829572
923420251193
923427405636
923425157603
923422538003
923456551400
923212546450
923451185311
923408735002
923461927900
923448220533
923466636250
923457863573
923336807375
923425282260
923464481317
923421560459
923458401051
923472055671
923435881681
923455776350
923420545543
923420050657
923422108520
923455176258
923406202021
923430056092
923446739155
923461395900
923468972434
923404055684
923423642132
923420749627
923497233010
923426951469
923422564809
923421881438
923424542245
923429160051
923427127531
923420532654
923421298651
923422411884
923427504939
923468970169
923428906867
923423945296
923428186579
923425677158
923425190813
923424987854
923426814813
923420775203
923422170166
923429066598
923429070045
923406484127
923428887776
923421954588
923420742189
923420752023
923425873832
923421205060
923420146035
923425615004
923424191874
923422062042
923425846200
923425579634
923427308842
923424013661
923427904374
923422203801
923437170245
923452222488
923461620396
923483554325
923456129942
3456129942
923440485817
923492555668
923400349505
3400349505
923476857580
923474223010
923477265577
923404289008
923455281050
923459358047
923455105326
923436635483
923455930206
923445111976
923491996970
923427955956
923403233709
923459413835
923420452881
923429442200
923494071677
923167621405
923421364199
923496353101
923455503650
923456373995
923467506314
923456550123
923469455794
923435773404
923424655642
923456791445
923426622033
923425377087
923473282426
923449238202
923421582697
923423232659
923428785495
923421256774
923421922846
923423459768
923421251440
923429824528
923425322347
923429193071
923422743464
923421271190
923424128694
923429771731
923425779011
923426378963
923421780714
923424245975
923422663899
923425996313
923422991489
923429120663
923422723397
923428215850
923421929385
923425545126
923424409143
923426370464
923424473896
923426596654
923424678475
923426282309
923420852810
923421011262
923421476556
923426397403
923426684838
923425835386
923426545670
923425017864
923422689765
923429165516
923429363091
923420089937
923421848592
923421448836
923421238432
923425879069
923427930518
923420661303
923428317553
923426677686
923425388855
923422449984
923427901972
923423235725
923426284265
923426623624
923427859300
923428201700
923429811606
923428003832
923422554556
923452009623
923424256869
923428743070
923458010171
923458482025
923453096737
923444442464
923425479320
923451305646
923496647167
923442261344
923212204950
3212204950
923443233429
923458316982
923459250575
923452191100
923420025560
923450605223
923450211038
923420736642
923469417328
923424654755
923443338881
923461067112
923453270046
923426586681
923463288084
923421200157
923452006115
923401106054
923470008662
923453781897
923436846266
923433617282
923453335741
923485130120
923215416861
923422580400
923455748213
923429604151
923426220005
923452482517
923452324301
923477115525
923421210646
923447771771
923424168743
923426969646
923464641949
923460328065
923400313028
923416500643
923471156610
923459222031
923485997991
923422141380
923420928808
923423551582
923421179721
923423705168
923426908106
923428174166
923427639848
923424403580
923425888421
923427276946
923423049794
923423240981
923424422641
923420973801
923424396369
923421683190
923429645312
923426107825
923421298968
923424808404
923427465269
923421082199
923449744928
923421366528
923420504161
923424216831
923424937472
923424047414
923426541968
923424203552
923424686119
923426557269
923421762628
923423560899
923423083505
923427929568
923421016460
923421983174
923421604659
923426837506
923420004994
923420212654
923425228785
923423231884
923425302693
923428614918
923429842937
923424119061
923425256870
923427157948
923445757194
923432260998
923411111441
923451730000
923425479922
3425479922
923452127119
923026705794
923453144441
923453240106
923420142090
923452215944
923444701456
923426141415
923442410866
923454056538
923455657779
923465281123
923441120643
923400735909
923458424921
923408012225
923062333855
923455755740
923459657754
923468484184
923452220652
923484116112
923405555015
923478052092
923410109093
923446768047
923008791383
923427125357
923495114892
923447622672
923335074899
923406145437
923407537845
923425834675
923422216961
923424995880
923427900398
923423518467
923420221586
923420479996
923421883957
923423959612
923425882544
923425160224
923426246123
923422723668
923423960252
923420521198
923424767449
923422373681
923425728349
923425897248
923423037243
923423733428
923426408587
923425997506
923429279326
923421525061
923425230396
923424931642
923427454531
923428761378
923427843490
923428354874
923429469361
923421011247
923421996454
923420853943
923421698478
923468493437
923428455432
923429586002
923420169553
923429787319
923422493690
923427274207
923426223837
923425228613
923424695851
923483338155
923452477937
923452123584
923422221540
923456519159
923337044513
3337044513
923425290273
923468090730
923454617686
923453369533
923457381144
923453116131
923464077664
923219067859
923456574098
923462687696
923467999953
923461565544
923474639867
923467538702
923453776732
923452260663
923459996565
923442594659
923446604153
923436300104
923471402425
923450149456
923454039867
923428620379
923453775911
923429374502
923429864366
923423352316
923423551524
923427970001
923426157170
923420218442
923425866819
923426799379
923426162837
923427063744
923426117232
923426313509
923428364067
923420097036
923421443738
923420371125
923425974285
923420026439
923428178953
923425453920
923422092376
923423968973
923424472604
923429251872
923429796269
923425434614
923424668536
923420684554
923427676646
923428778161
923422155403
923420941854
923424934359
923420400977
923422603083
923427079207
923422415006
923428255651
923423184936
923424927306
923427361474
923410161756
923424912829
923402088757
923432563765
923430808881
923412382308
923416703721
923436228778
923491157884
923424428171
923453242988
923408261431
923486273153
923456061892
923453182172
923415688054
923453227643
923421561383
923439907072
923425860923
923454445701
923479336600
923455822172
923453629223
923422982039
923490945552
923459597608
923418585756
923428432838
923457500612
923422472885
923425965514
923427303804
923428721663
923424752133
923426205467
923425968355
923426959210
923429287447
923427754092
923422494710
923423729929
923424742433
923428407347
923420680810
923420084749
923427036818
923425432652
923425430819
923423719852
923422912829
923420356506
923423718272
923425158349
923428985264
923429435138
923424190456
923427644616
923427941417
923424432866
923426977330
923424147852
923423734274
923421678333
923421191973
923420765805
923421337416
923421261556
923424036572
923426346691
923424364689
923420139994
923424881170
923425621099
923424357136
923424775860
923424154095
923429570831
923424490710
923427008609
923424621748
923443082059
923452659940
923442028125
923402033362
923487546131
923460034286
923465362225
923456843344
923439155597
923497157719
923457844153
923447027233
923488502281
923235256000
923235662641
923412575810
923454001077
923425597455
923464511078
923422410326
923436170581
923425472120
923459649807
923429271960
923457615233
923431803725
923426641042
923420323300
923458089809
923424930044
923499123412
923421980668
923429370483
923426240523
923429034754
923427708885
923427775989
923427465230
923424284157
923421852722
923423369962
923421879364
923426731140
923420280908
923428567095
923421785582
923423427776
923428232376
923423127056
923423532563
923422019584
923425373084
923426253613
923428491835
923426030107
923426975716
923420279563
923427449537
923427710801
923420999657
923421619368
923425813521
923420860834
923422101035
923468946400
923429798451
923427335307
923424543893
923429783107
923424313674
923402095090
923452127977
923452240246
923454115180
923422611357
923456505303
923470502997
923478365717
923452477863
923458880033
923465614163
923426689731
923023279912
923453542228
923422110855
923457860183
923455069995
923486106300
923429134595
923455330566
923452035725
923457002278
923488654321
923452587117
923447650947
923427466548
923429235047
923012116689
923434177169
923409270488
923495699985
923466284531
923425837635
923435346269
923007715152
923452151352
923461030529
923430990604
923498747728
923427995613
923428034612
923422650353
923428847032
923485508408
923423698242
923422464155
923425681083
923421471354
923427975615
923426151453
923426593833
923424338425
923427705825
923422503621
923423635883
923425774765
923420465865
923425746248
923424124798
923428992784
923420018324
923426304673
923423315897
923420982572
923421132838
923423025150
923422610401
923422991582
923423689051
923499565779
923425445952
923423391171
923424342741
923428667162
923426503054
923424452421
923426802930
923427750761
923428661966
923428900607
923428979417
923421922778
923430778656
923421834178
923420614959
923429892419
923427547589
923425324894
923429280148
923425189742
923423931836
923424479396
923427845548
923424117250
923424330237
923427515940
923427688808
923424595385
923428212319
923423499926
923458269855
923454024338
923457200786
923464202704
923458440405
923442775318
923453078791
923463484208
923453167316
923458550595
923455016561
923458501123
923424172702
923454021368
923458507185
923454013144
923422439301
923444440992
923408707857
923433055745
923453055599
923427878796
923402690069
923492577003
923403316016
923418720252
923214042546
923449455210
923470305811
923455051351
923464022273
923438981857
923445561929
923436545454
923425900771
923404944054
923402837377
923474611855
923425918253
923454628845
923418912748
923453280785
923439468385
923439902182
923425232075
923452754875